0 0 1 0 1 100.0
1000 0 1 1038 1001 49.0926924963
2000 0 1 2026 2001 49.6895952322
3000 4 1 3035 3001 49.7183565275
4000 1 1 3985 4001 50.1001753068
5000 0 1 5002 5001 49.9950014996
6000 4 1 5946 6001 50.2301833096
7000 1 1 6940 7001 50.2187791407
8000 0 1 7860 8001 50.4444864763
9000 1 1 8854 9001 50.4116493979
10000 0 1 9804 10001 50.4973491543
11000 0 1 10904 11001 50.2214106368
12000 1 1 11922 12001 50.1651130711
13000 3 1 12976 13001 50.0481194903
14000 0 1 13901 14001 50.1791986238
15000 1 1 14901 15001 50.1672128955
16000 2 1 15835 16001 50.2607111446
17000 0 1 16836 17001 50.2438159411
18000 0 1 17962 18001 50.0542223952
19000 0 1 18866 19001 50.1782554731
20000 0 1 19922 20001 50.0989404604
21000 2 1 20995 21001 50.0071435375
22000 0 1 22007 22001 49.9931830576
23000 4 1 22974 23001 50.0293637847
24000 1 1 23984 24001 50.0177138689
25000 3 1 24922 25001 50.0791218476
26000 0 1 25856 26001 50.1398075477
27000 2 1 26794 27001 50.1923970629
28000 6 1 27882 28001 50.1064724514
29000 0 1 28927 29001 50.0638723933
30000 1 1 29845 30001 50.1303345253
31000 6 1 30791 31001 50.1699249094
32000 0 1 31776 32001 50.1763958794
33000 0 1 32779 33001 50.1687442992
34000 0 1 33756 34001 50.1807931284
35000 0 1 34789 35001 50.1518842241
36000 0 1 35796 36001 50.1427636252
37000 2 1 36809 37001 50.130063677
38000 0 1 37733 38001 50.1769350622
39000 0 1 38792 39001 50.1343308524
40000 3 1 39841 40001 50.1001978908
41000 0 1 40868 41001 50.0812273266
42000 2 1 41860 42001 50.0840676834
43000 0 1 42823 43001 50.1037005966
44000 2 1 43809 44001 50.1093269559
45000 1 1 44851 45001 50.0834705961
46000 0 1 45804 46001 50.1072926311
47000 4 1 46859 47001 50.075644577
48000 1 1 47831 48001 50.0886968862
49000 1 1 48825 49001 50.0899556355
50000 0 1 49845 50001 50.0781203053
51000 1 1 50841 51001 50.0785530528
52000 0 1 51820 52001 50.0871692625
53000 2 1 52816 53001 50.0874150656
54000 2 1 53784 54001 50.1006633576
55000 0 1 54774 55001 50.1033933045
56000 0 1 55739 56001 50.1172364417
57000 2 1 56782 57001 50.0962358173
58000 0 1 57795 58001 50.0889495319
59000 2 1 58744 59001 50.1091341458
60000 2 1 59775 60001 50.0943427732
61000 1 1 60772 61001 50.0940274117
62000 0 1 61760 62001 50.0973650827
63000 4 1 62753 63001 50.0986052134
64000 0 1 63805 64001 50.0766787162
65000 2 1 64778 65001 50.0859152868
66000 1 1 65773 66001 50.086511755
67000 0 1 66804 67001 50.0736145884
68000 1 1 67756 68001 50.0902347577
69000 1 1 68794 69001 50.0751115788
70000 1 1 69778 70001 50.0797687779
71000 0 1 70686 71001 50.1111605158
72000 0 1 71708 72001 50.1019421191
73000 0 1 72723 73001 50.0953857978
74000 0 1 73771 74001 50.0778225916
75000 0 1 74673 75001 50.1095714687
76000 0 1 75720 76001 50.092604188
77000 8 1 76713 77001 50.0936804715
78000 2 1 77730 78001 50.0870090091
79000 0 1 78713 79001 50.0913045132
80000 1 1 79613 80001 50.121543223
81000 0 1 80550 81001 50.1395844037
82000 1 1 81559 82001 50.1351186109
83000 1 1 82538 83001 50.1398461994
84000 0 1 83591 84001 50.1223208745
85000 0 1 84540 85001 50.1359553146
86000 0 1 85528 86001 50.1378775601
87000 0 1 86506 87001 50.1426455417
88000 1 1 87520 88001 50.1370206414
89000 2 1 88534 89001 50.1315233616
90000 3 1 89561 90001 50.1225203551
91000 2 1 90527 91001 50.1305583712
92000 1 1 91608 92001 50.1070208977
93000 0 1 92664 93001 50.0907548542
94000 0 1 93810 94001 50.0508489918
95000 1 1 94781 95001 50.0579612397
96000 0 1 95772 96001 50.0597060066
97000 6 1 96743 97001 50.0665827071
98000 1 1 97686 98001 50.0804856736
99000 1 1 98703 99001 50.0753651924
100000 2 1 99724 100001 50.0693453499
101000 1 1 100692 101001 50.0766015677
102000 1 1 101710 102001 50.0714247144
103000 0 1 102701 103001 50.0729210217
104000 0 1 103700 104001 50.0724599304
105000 2 1 104776 105001 50.0536283768
106000 0 1 105672 106001 50.0777142101
107000 1 1 106648 107001 50.0826121349
108000 0 1 107702 108001 50.0693082618
109000 1 1 108749 109001 50.0578645235
110000 1 1 109783 110001 50.049594147
111000 0 1 110732 111001 50.0606585398
112000 0 1 111708 112001 50.0654868602
113000 1 1 112651 113001 50.0775530463
114000 0 1 113674 114001 50.0718128912
115000 0 1 114737 115001 50.0574567551
116000 2 1 115729 116001 50.0586889915
117000 2 1 116725 117001 50.0590434954
118000 2 1 117753 118001 50.0525971988
119000 0 1 118778 119001 50.0468922823
120000 4 1 119690 120001 50.0648751935
121000 1 1 120630 121001 50.0767699509
122000 3 1 121670 122001 50.0679194488
123000 0 1 122636 123001 50.0742966247
124000 2 1 123650 124001 50.0708658556
125000 1 1 124680 125001 50.0642820239
126000 2 1 125686 126001 50.0625777255
127000 0 1 126680 127001 50.0632684356
128000 0 1 127572 128001 50.0839290535
129000 0 1 128526 129001 50.0922233397
130000 0 1 129433 130001 50.109469075
131000 0 1 130431 131001 50.1090149637
132000 0 1 131449 132001 50.1047637123
133000 1 1 132476 133001 50.0988786223
134000 0 1 133445 134001 50.1039462172
135000 0 1 134435 135001 50.1050342196
136000 0 1 135463 136001 50.099092329
137000 1 1 136484 137001 50.0945207233
138000 0 1 137440 138001 50.101836691
139000 0 1 138378 139001 50.1123012196
140000 0 1 139416 140001 50.1046822491
141000 1 1 140473 141001 50.0937919666
142000 0 1 141484 142001 50.0911864825
143000 0 1 142414 143001 50.1028327173
144000 0 1 143393 144001 50.1057781304
145000 5 1 144379 145001 50.1074711452
146000 0 1 145414 146001 50.1007154745
147000 1 1 146365 147001 50.1083970194
148000 2 1 147357 148001 50.1090202398
149000 0 1 148325 149001 50.1136799338
150000 0 1 149237 150001 50.1276575836
151000 0 1 150276 151001 50.1203211662
152000 4 1 151256 152001 50.1228331086
153000 0 1 152252 153001 50.1226851169
154000 0 1 153282 154001 50.1169931301
155000 1 1 154209 155001 50.1280683031
156000 0 1 155224 156001 50.1248293036
157000 6 1 156179 157001 50.1312344339
158000 0 1 157164 158001 50.1327875875
159000 1 1 158148 159001 50.1344793772
160000 2 1 159177 160001 50.1290815783
161000 0 1 160200 161001 50.1246882793
162000 1 1 161182 162001 50.1267083974
163000 1 1 162159 163001 50.1294747201
164000 0 1 163180 164001 50.1254657208
165000 1 1 164226 165001 50.1176999456
166000 0 1 165234 166001 50.1157788277
167000 4 1 166276 167001 50.1087683819
168000 7 1 167248 168001 50.1123045855
169000 0 1 168253 169001 50.1108956454
170000 2 1 169345 170001 50.0966565099
171000 2 1 170364 171001 50.0933018909
172000 0 1 171380 172001 50.0904243391
173000 2 1 172395 173001 50.0877253935
174000 2 1 173391 174001 50.0877970707
175000 5 1 174339 175001 50.0947501002
176000 1 1 175332 176001 50.095208819
177000 0 1 176334 177001 50.0943863472
178000 3 1 177358 178001 50.090471889
179000 0 1 178339 179001 50.0926288689
180000 0 1 179326 180001 50.0939255887
181000 3 1 180442 181001 50.0773289288
182000 0 1 181465 182001 50.0737345446
183000 0 1 182580 183001 50.0575795788
184000 1 1 183587 184001 50.0563130461
185000 3 1 184587 185001 50.056008312
186000 0 1 185560 186001 50.0593442261
187000 0 1 186569 187001 50.0578204888
188000 0 1 187619 188001 50.0508492626
189000 1 1 188553 189001 50.0593292615
190000 0 1 189545 190001 50.06007177
191000 1 1 190501 191001 50.0655304559
192000 2 1 191620 192001 50.0496583868
193000 0 1 192680 193001 50.0416147023
194000 0 1 193738 194001 50.0339145662
195000 3 1 194786 195001 50.027579165
196000 3 1 195798 196001 50.0259061406
197000 4 1 196943 197001 50.0073614524
198000 1 1 198019 198001 49.9977273875
199000 2 1 198993 199001 50.0010050403
200000 0 1 199960 200001 50.0051254997
201000 0 1 200953 201001 50.0059708325
202000 1 1 201985 202001 50.0019802666
203000 2 1 203008 203001 49.9991379501
204000 0 1 204066 204001 49.9920356216
205000 1 1 205069 205001 49.9917087327
206000 0 1 205999 206001 50.0002427184
207000 0 1 207032 207001 49.9962563371
208000 3 1 208009 208001 49.9990384847
209000 1 1 209042 209001 49.9950961982
210000 2 1 210071 210001 49.991668095
211000 0 1 211013 211001 49.9985782462
212000 0 1 211985 212001 50.0018868548
213000 0 1 213033 213001 49.9962444312
214000 0 1 214022 214001 49.9975468608
215000 0 1 215052 215001 49.9940704983
216000 2 1 216030 216001 49.9966437594
217000 0 1 217035 217001 49.9960832742
218000 0 1 218077 218001 49.9912859626
219000 4 1 219057 219001 49.9936081523
220000 1 1 220053 220001 49.9940916342
221000 1 1 221043 221001 49.9952493417
222000 1 1 222003 222001 49.9997747768
223000 0 1 222997 223001 50.0004484325
224000 0 1 224024 224001 49.997433179
225000 0 1 225024 225001 49.9974445864
226000 1 1 225966 226001 50.0038719641
227000 1 1 226897 227001 50.0114563184
228000 0 1 227925 228001 50.0083346859
229000 3 1 228913 229001 50.0096087912
230000 2 1 229964 230001 50.0040220452
231000 0 1 230904 231001 50.0104999946
232000 4 1 231939 232001 50.0066818985
233000 3 1 232932 233001 50.0074044981
234000 0 1 233940 234001 50.0065179157
235000 0 1 234914 235001 50.0092569933
236000 0 1 235885 236001 50.0122911042
237000 1 1 236874 237001 50.0134001583
238000 0 1 237889 238001 50.0117674252
239000 4 1 238798 239001 50.0212432425
240000 0 1 239771 240001 50.0239697189
241000 0 1 240778 241001 50.0231433915
242000 0 1 241793 242001 50.0214967528
243000 0 1 242726 243001 50.0283080825
244000 1 1 243724 244001 50.02839715
245000 0 1 244778 245001 50.0227653697
246000 0 1 245740 246001 50.0265383606
247000 0 1 246746 247001 50.0258229417
248000 1 1 247809 248001 50.0193622557
249000 0 1 248835 249001 50.0166721571
250000 1 1 249724 250001 50.0277152434
251000 0 1 250789 251001 50.0211243747
252000 0 1 251824 252001 50.017565623
253000 0 1 252753 253001 50.0245178486
254000 1 1 253707 254001 50.0289536505
255000 1 1 254685 255001 50.0309994781
256000 0 1 255578 256001 50.0413425883
257000 0 1 256638 257001 50.0353361018
258000 0 1 257663 258001 50.0327732787
259000 0 1 258652 259001 50.0337098404
260000 1 1 259596 260001 50.0389725114
261000 2 1 260581 261001 50.0402621256
262000 1 1 261560 262001 50.0421154364
263000 0 1 262496 263001 50.048049751
264000 0 1 263447 264001 50.0525170254
265000 1 1 264420 265001 50.054871265
266000 0 1 265396 266001 50.0569254249
267000 2 1 266436 267001 50.0529584562
268000 1 1 267376 268001 50.0583700831
269000 2 1 268319 269001 50.0634631132
270000 4 1 269416 270001 50.0542252098
271000 0 1 270401 271001 50.0554116904
272000 0 1 271425 272001 50.0529970962
273000 0 1 272373 273001 50.0575751686
274000 1 1 273323 274001 50.0619377188
275000 0 1 274337 275001 50.0604363798
276000 0 1 275289 276001 50.0645758131
277000 3 1 276271 277001 50.0659711679
278000 0 1 277248 278001 50.0678074161
279000 0 1 278181 279001 50.0735845738
280000 2 1 279198 280001 50.071799127
281000 0 1 280234 281001 50.0683314476
282000 0 1 281229 282001 50.0685332813
283000 0 1 282238 283001 50.0674935735
284000 0 1 283281 284001 50.0634605011
285000 0 1 284210 285001 50.0694821428
286000 0 1 285122 286001 50.076953651
287000 2 1 286202 287001 50.0696960763
288000 1 1 287222 288001 50.0677128696
289000 1 1 288251 289001 50.0649629624
290000 0 1 289170 290001 50.0717404704
291000 0 1 290165 291001 50.0719243727
292000 2 1 291201 292001 50.0685868704
293000 1 1 292152 293001 50.0725451292
294000 3 1 293191 294001 50.0689723293
295000 0 1 294194 295001 50.0684832695
296000 0 1 295166 296001 50.0706230219
297000 1 1 296187 297001 50.0686123118
298000 0 1 297163 298001 50.0704007635
299000 0 1 298167 299001 50.0698295957
300000 2 1 299164 300001 50.069847204
301000 1 1 300224 301001 50.0646180714
302000 0 1 301276 302001 50.0600884834
303000 1 1 302237 303001 50.0631156669
304000 2 1 303257 304001 50.0612589707
305000 0 1 304203 305001 50.0654953021
306000 1 1 305295 306001 50.0577461655
307000 4 1 306343 307001 50.0536403715
308000 2 1 307284 308001 50.0582656818
309000 0 1 308263 309001 50.0597799321
310000 0 1 309257 310001 50.0600718925
311000 1 1 310229 311001 50.0621347971
312000 0 1 311322 312001 50.0544661436
313000 2 1 312314 313001 50.0549323141
314000 4 1 313264 314001 50.0587471005
315000 1 1 314267 315001 50.0583217326
316000 1 1 315330 316001 50.0531416959
317000 3 1 316365 317001 50.0502079366
318000 0 1 317355 318001 50.0508376406
319000 1 1 318338 319001 50.0520131359
320000 1 1 319419 320001 50.0455099934
321000 0 1 320458 321001 50.0423253863
322000 3 1 321432 322001 50.0442159479
323000 1 1 322385 323001 50.0477233779
324000 0 1 323440 324001 50.043324411
325000 0 1 324413 325001 50.0452715833
326000 0 1 325406 326001 50.045670372
327000 1 1 326396 327001 50.0462965089
328000 3 1 327373 328001 50.0479115742
329000 0 1 328384 329001 50.0469283601
330000 0 1 329323 330001 50.0514162991
331000 2 1 330280 331001 50.0545154027
332000 0 1 331243 332001 50.0571433741
333000 2 1 332169 333001 50.0625404032
334000 0 1 333185 334001 50.0611523623
335000 0 1 334192 335001 50.0604459401
336000 1 1 335139 336001 50.0642190899
337000 0 1 336125 337001 50.0650695412
338000 0 1 337121 338001 50.0651734057
339000 1 1 338091 339001 50.0671991399
340000 2 1 339009 340001 50.0730475251
341000 0 1 340016 341001 50.0723183122
342000 0 1 340939 342001 50.0777520719
343000 1 1 341936 343001 50.0777443765
344000 0 1 342928 344001 50.0781012303
345000 1 1 343955 345001 50.0759119595
346000 0 1 344918 346001 50.078373876
347000 0 1 345943 347001 50.0763409453
348000 0 1 346858 348001 50.0822469019
349000 0 1 347810 349001 50.0854607634
350000 0 1 348715 350001 50.0920259447
351000 0 1 349721 351001 50.0913343666
352000 1 1 350715 352001 50.0915021147
353000 2 1 351753 353001 50.0885415336
354000 1 1 352735 354001 50.089566684
355000 2 1 353731 355001 50.0895966317
356000 0 1 354736 356001 50.0889921307
357000 0 1 355726 357001 50.0894451873
358000 0 1 356721 358001 50.0895453057
359000 0 1 357783 359001 50.084962834
360000 1 1 358761 360001 50.0862594294
361000 1 1 359745 361001 50.0871319438
362000 0 1 360798 362001 50.0832181561
363000 0 1 361864 363001 50.078428397
364000 5 1 362836 364001 50.0801417649
365000 0 1 363875 365001 50.0772422195
366000 0 1 364935 366001 50.0729202009
367000 0 1 365966 367001 50.0706034515
368000 0 1 366976 368001 50.0697300732
369000 0 1 367960 369001 50.0706278894
370000 0 1 368991 370001 50.0683363284
371000 0 1 369976 371001 50.0691654397
372000 0 1 371014 372001 50.0664185784
373000 2 1 372043 373001 50.0642915049
374000 0 1 373037 374001 50.0645214835
375000 0 1 373952 375001 50.0700310967
376000 1 1 374937 376001 50.0708447302
377000 1 1 376013 377001 50.06560303
378000 1 1 377027 378001 50.0645009192
379000 0 1 378037 379001 50.0636691949
380000 0 1 379041 380001 50.0632376074
381000 0 1 380054 381001 50.0622162656
382000 0 1 380952 382001 50.0687460433
383000 1 1 382027 383001 50.0636578008
384000 0 1 383066 384001 50.0609464362
385000 3 1 384006 385001 50.0646938194
386000 0 1 384961 386001 50.0674482011
387000 1 1 385917 387001 50.0701238682
388000 3 1 386903 388001 50.0708474856
389000 1 1 387928 389001 50.069053929
390000 0 1 388894 390001 50.0710622099
391000 6 1 389916 391001 50.0694696107
392000 0 1 390974 392001 50.0655831923
393000 0 1 391998 393001 50.0638854317
394000 0 1 392974 394001 50.0652498491
395000 0 1 393940 395001 50.0672420371
396000 0 1 394971 396001 50.0651097637
397000 2 1 395995 397001 50.0634303326
398000 0 1 396965 398001 50.0651600194
399000 0 1 397983 399001 50.063865774
400000 2 1 399010 400001 50.062014165
401000 0 1 399988 401001 50.0632343266
402000 0 1 400869 402001 50.0704970917
403000 0 1 401886 403001 50.0692643812
404000 1 1 402856 404001 50.0709543327
405000 0 1 403811 405001 50.073564685
406000 0 1 404776 406001 50.0755448169
407000 0 1 405742 407001 50.0774537584
408000 0 1 406809 408001 50.0731458868
409000 0 1 407774 409001 50.0751124851
410000 0 1 408726 410001 50.0778647828
411000 0 1 409795 411001 50.0734652703
412000 0 1 410745 412001 50.0763297543
413000 0 1 411707 413001 50.0784520097
414000 1 1 412694 414001 50.07904971
415000 0 1 413665 415001 50.0806114888
416000 0 1 414655 416001 50.081020302
417000 3 1 415697 417001 50.0782996957
418000 2 1 416702 418001 50.077812108
419000 9 1 417741 419001 50.0752920255
420000 0 1 418709 420001 50.0770230473
421000 2 1 419725 421001 50.0758867931
422000 1 1 420662 422001 50.0794505039
423000 0 1 421680 423001 50.0781952003
424000 0 1 422588 424001 50.0834525372
425000 2 1 423648 425001 50.0797149351
426000 0 1 424640 426001 50.0799984953
427000 0 1 425695 427001 50.0765806337
428000 6 1 426642 428001 50.0795068818
429000 4 1 427608 429001 50.0813089753
430000 0 1 428605 430001 50.0812945635
431000 0 1 429579 431001 50.082618699
432000 0 1 430560 432001 50.0835303242
433000 0 1 431527 433001 50.0852488294
434000 0 1 432526 434001 50.0851098696
435000 0 1 433552 435001 50.0834145988
436000 2 1 434543 436001 50.0837407414
437000 1 1 435502 437001 50.0859022834
438000 2 1 436529 438001 50.0841594914
439000 0 1 437501 439001 50.0855674032
440000 1 1 438505 440001 50.0851445522
441000 3 1 439420 441001 50.0897865907
442000 4 1 440417 442001 50.0897533822
443000 0 1 441432 443001 50.0887008965
444000 0 1 442469 444001 50.0864101436
445000 0 1 443448 445001 50.0873995018
446000 0 1 444473 446001 50.0857970025
447000 7 1 445471 447001 50.0857169749
448000 0 1 446501 448001 50.0838455364
449000 1 1 447437 449001 50.0872341422
450000 1 1 448367 450001 50.0909426872
451000 2 1 449366 451001 50.0907963086
452000 3 1 450389 452001 50.0893183657
453000 0 1 451349 453001 50.0913363189
454000 0 1 452406 454001 50.0879847574
455000 0 1 453384 455001 50.0890041117
456000 0 1 454378 456001 50.0891386994
457000 0 1 455344 457001 50.0908099458
458000 2 1 456332 458001 50.0912687172
459000 1 1 457300 459001 50.0928188445
460000 2 1 458376 460001 50.0884712923
461000 0 1 459383 461001 50.0878980947
462000 0 1 460395 462001 50.0870558849
463000 1 1 461437 463001 50.0845919359
464000 0 1 462426 464001 50.0850039992
465000 7 1 463392 465001 50.0866551127
466000 2 1 464377 466001 50.0872763543
467000 0 1 465412 467001 50.0852090222
468000 1 1 466486 468001 50.0810605177
469000 9 1 467500 469001 50.0801387292
470000 1 1 468488 470001 50.080608297
471000 0 1 469441 471001 50.0829397241
472000 0 1 470460 472001 50.0817540461
473000 0 1 471409 473001 50.0842854269
474000 2 1 472389 474001 50.0851657351
475000 0 1 473494 475001 50.0794416418
476000 0 1 474439 476001 50.0821724675
477000 0 1 475448 477001 50.0815266749
478000 0 1 476501 478001 50.0785750056
479000 0 1 477506 479001 50.0781489315
480000 0 1 478544 480001 50.0760006051
481000 0 1 479607 481001 50.0725582131
482000 1 1 480603 482001 50.0726155304
483000 2 1 481645 483001 50.0702848506
484000 0 1 482611 484001 50.0719006178
485000 0 1 483610 485001 50.0718038511
486000 0 1 484630 486001 50.070624161
487000 1 1 485659 487001 50.0689860794
488000 7 1 486574 488001 50.0732113998
489000 1 1 487564 489001 50.0735742117
490000 0 1 488554 490001 50.0739355478
491000 0 1 489612 491001 50.0708230464
492000 0 1 490622 492001 50.0701693325
493000 0 1 491510 493001 50.0757228716
494000 1 1 492469 494001 50.0776506128
495000 1 1 493465 495001 50.0776961474
496000 1 1 494504 496001 50.0755675135
497000 0 1 495496 497001 50.075818869
498000 2 1 496441 498001 50.078435947
499000 1 1 497432 499001 50.0787308329
500000 0 1 498398 500001 50.0802785259
501000 7 1 499443 501001 50.0778654278
502000 0 1 500414 502001 50.0791588314
503000 0 1 501423 503001 50.0785524838
504000 0 1 502485 504001 50.0753115294
505000 0 1 503572 505001 50.0708426658
506000 0 1 504530 506001 50.0727835168
507000 1 1 505588 507001 50.0697716448
508000 1 1 506519 508001 50.0730394669
509000 0 1 507502 509001 50.0737331813
510000 0 1 508497 510001 50.0738342147
511000 1 1 509626 511001 50.0673605539
512000 1 1 510622 512001 50.0674246521
513000 0 1 511651 513001 50.0658760243
514000 0 1 512724 514001 50.062188025
515000 0 1 513698 515001 50.0633324228
516000 0 1 514705 516001 50.0628695283
517000 0 1 515662 517001 50.06483238
518000 0 1 516727 518001 50.0615620724
519000 2 1 517804 519001 50.0577254161
520000 0 1 518785 520001 50.0585298608
521000 6 1 519765 521001 50.0593793418
522000 2 1 520752 522001 50.0598895424
523000 0 1 521753 523001 50.0597269788
524000 0 1 522787 524001 50.0579869085
525000 1 1 523797 525001 50.0573990416
526000 1 1 524823 526001 50.0560512512
527000 0 1 525878 527001 50.0533299648
528000 1 1 526931 528001 50.0507141693
529000 1 1 527965 529001 50.0490081989
530000 0 1 529006 530001 50.0469779709
531000 0 1 529969 531001 50.0486347399
532000 0 1 530997 532001 50.0472249242
533000 0 1 531959 533001 50.0489220252
534000 3 1 532937 534001 50.0498623163
535000 0 1 533843 535001 50.0541706741
536000 0 1 534856 536001 50.0534618535
537000 1 1 535807 537001 50.0556483546
538000 0 1 536799 538001 50.05591738
539000 2 1 537782 539001 50.0566037911
540000 0 1 538831 540001 50.0542253103
541000 0 1 539817 541001 50.0547733291
542000 0 1 540807 542001 50.0551344283
543000 0 1 541832 543001 50.0538792607
544000 0 1 542872 544001 50.0519379909
545000 0 1 543866 545001 50.0521183946
546000 3 1 544817 546001 50.0542711983
547000 0 1 545816 547001 50.0542176778
548000 2 1 546866 548001 50.0518327797
549000 0 1 547907 549001 50.0498674456
550000 0 1 548974 550001 50.0467253577
551000 0 1 549961 551001 50.0472314212
552000 2 1 550971 552001 50.0466920284
553000 0 1 551961 553001 50.0470604419
554000 0 1 552984 554001 50.0459355818
555000 0 1 553994 555001 50.0454014671
556000 0 1 555072 556001 50.041806434
557000 0 1 556120 557001 50.0395734156
558000 0 1 557084 558001 50.0411179417
559000 0 1 558055 559001 50.0423434456
560000 0 1 559127 560001 50.039048259
561000 0 1 560139 561001 50.0384430134
562000 1 1 561124 562001 50.0390428492
563000 0 1 562150 563001 50.0378171463
564000 4 1 563179 564001 50.0364626768
565000 1 1 564167 565001 50.0369298457
566000 0 1 565104 566001 50.0396514912
567000 0 1 566042 567001 50.0423196648
568000 1 1 567012 568001 50.0435677829
569000 3 1 567991 569001 50.04441544
570000 6 1 569039 570001 50.0422285433
571000 1 1 570047 571001 50.0418036752
572000 6 1 571094 572001 50.0396729931
573000 0 1 572092 573001 50.0396910993
574000 0 1 573005 574001 50.043417384
575000 1 1 573967 575001 50.0449969016
576000 7 1 574967 576001 50.0449187119
577000 0 1 575965 577001 50.0449276041
578000 0 1 576940 578001 50.0459330823
579000 0 1 577963 579001 50.0448587856
580000 0 1 578910 580001 50.0470700511
581000 1 1 579948 581001 50.0453508294
582000 3 1 580958 582001 50.0448425095
583000 1 1 581937 583001 50.0456676664
584000 0 1 582998 584001 50.042973473
585000 0 1 584007 585001 50.0425146791
586000 0 1 585024 586001 50.041715591
587000 4 1 586005 587001 50.0424550258
588000 0 1 586997 588001 50.042723477
589000 1 1 588032 589001 50.0411628221
590000 0 1 589093 590001 50.0385041396
591000 0 1 590056 591001 50.0400065365
592000 0 1 591075 592001 50.0391352711
593000 0 1 592071 593001 50.0392381222
594000 3 1 593120 594001 50.0371065797
595000 1 1 594067 595001 50.039274457
596000 0 1 595101 596001 50.0377801397
597000 0 1 596135 597001 50.0362909174
598000 1 1 597137 598001 50.0361464534
599000 0 1 598122 599001 50.0367130195
600000 6 1 599138 600001 50.035984152
601000 0 1 600167 601001 50.0347162096
602000 2 1 601201 602001 50.0332446256
603000 2 1 602234 603001 50.0318195207
604000 0 1 603272 604001 50.0301920113
605000 0 1 604333 605001 50.0276185074
606000 0 1 605341 606001 50.0272425128
607000 0 1 606350 607001 50.0268265325
608000 0 1 607403 608001 50.0246008735
609000 0 1 608394 609001 50.0249302815
610000 0 1 609329 610001 50.0275561169
611000 0 1 610357 611001 50.0263640964
612000 2 1 611276 612001 50.0296335172
613000 0 1 612226 613001 50.0316267924
614000 0 1 613230 614001 50.0314121791
615000 0 1 614205 615001 50.0323786249
616000 1 1 615120 616001 50.0357803985
617000 4 1 616097 617001 50.0366556429
618000 0 1 617037 618001 50.0390271392
619000 2 1 618017 619001 50.0397730672
620000 0 1 618961 620001 50.0419706173
621000 4 1 620043 621001 50.0385965365
622000 1 1 621049 622001 50.0382929086
623000 0 1 622100 623001 50.0361818037
624000 1 1 623114 624001 50.0355620773
625000 0 1 624149 625001 50.0341031902
626000 3 1 625078 626001 50.0368881581
627000 4 1 626188 627001 50.0324372461
628000 0 1 627210 628001 50.0315086468
629000 1 1 628210 629001 50.0314585221
630000 0 1 629166 630001 50.033156841
631000 1 1 630185 631001 50.0323505018
632000 4 1 631167 632001 50.0330122359
633000 1 1 632088 633001 50.0360844178
634000 1 1 633094 634001 50.0357905287
635000 1 1 634138 635001 50.033999428
636000 1 1 635137 636001 50.0339852951
637000 0 1 636071 637001 50.036525821
638000 0 1 637053 638001 50.0371748961
639000 1 1 638062 639001 50.0367640437
640000 3 1 639044 640001 50.0374107244
641000 0 1 640091 641001 50.0355165749
642000 1 1 641112 642001 50.0346423113
643000 0 1 642160 643001 50.0327196359
644000 1 1 643123 644001 50.034107048
645000 0 1 644171 645001 50.0321912049
646000 2 1 645153 646001 50.0328388403
647000 0 1 646163 647001 50.0324011494
648000 0 1 647182 648001 50.0316171537
649000 1 1 648207 649001 50.0306041899
650000 2 1 649183 650001 50.031481299
651000 1 1 650202 651001 50.0307023577
652000 0 1 651110 652001 50.0341874176
653000 0 1 652092 653001 50.0348251044
654000 1 1 652987 654001 50.0387914809
655000 0 1 653947 655001 50.0402613396
656000 0 1 654896 656001 50.0421467133
657000 1 1 655894 657001 50.0421587408
658000 5 1 656985 658001 50.03863159
659000 0 1 657965 659001 50.0393328302
660000 0 1 658982 660001 50.0386282462
661000 0 1 659993 661001 50.0381530878
662000 1 1 661020 662001 50.0370742415
663000 4 1 662026 663001 50.0367917031
664000 0 1 663054 664001 50.0356805106
665000 2 1 664108 665001 50.033593934
666000 4 1 665186 666001 50.0306117773
667000 1 1 666190 667001 50.0304157469
668000 0 1 667145 668001 50.0320564193
669000 0 1 668114 669001 50.0331684261
670000 0 1 669091 670001 50.0339782479
671000 3 1 670091 671001 50.0339275754
672000 0 1 671082 672001 50.0342123309
673000 0 1 671997 673001 50.0373234756
674000 0 1 673044 674001 50.0355221986
675000 1 1 674093 675001 50.033652214
676000 1 1 675065 676001 50.0346393144
677000 0 1 676047 677001 50.0352537382
678000 2 1 677066 678001 50.0345001391
679000 1 1 677993 679001 50.0371409159
680000 2 1 678970 680001 50.0379331126
681000 5 1 679959 681001 50.0382818011
682000 0 1 681067 682001 50.0342609466
683000 1 1 682138 683001 50.0316085029
684000 5 1 683133 684001 50.0317452422
685000 1 1 684132 685001 50.0317354121
686000 1 1 685102 686001 50.0327838244
687000 1 1 686141 687001 50.0313150424
688000 1 1 687186 688001 50.0296323336
689000 1 1 688260 689001 50.0269012192
690000 1 1 689248 690001 50.0272974641
691000 3 1 690274 691001 50.0263162658
692000 1 1 691294 692001 50.025554925
693000 1 1 692288 693001 50.0257347023
694000 1 1 693317 694001 50.0246518823
695000 0 1 694288 695001 50.0256606077
696000 1 1 695272 696001 50.0261990278
697000 0 1 696264 697001 50.0264486655
698000 3 1 697216 698001 50.0281318247
699000 0 1 698146 699001 50.0305980688
700000 2 1 699200 700001 50.0286234787
701000 0 1 700249 701001 50.0268331847
702000 0 1 701259 702001 50.0264384362
703000 0 1 702295 703001 50.0251192631
704000 2 1 703294 704001 50.0251191115
705000 2 1 704389 705001 50.0217115206
706000 0 1 705355 706001 50.0228857921
707000 0 1 706278 707001 50.0255788135
708000 0 1 707310 708001 50.0244115958
709000 2 1 708315 709001 50.0242006723
710000 0 1 709259 710001 50.026140383
711000 1 1 710290 711001 50.0250124711
712000 2 1 711276 712001 50.0254693921
713000 0 1 712279 713001 50.0253283565
714000 0 1 713231 714001 50.026975292
715000 0 1 714162 715001 50.029352845
716000 0 1 715142 716001 50.0300109772
717000 0 1 716131 717001 50.0303531008
718000 0 1 717102 718001 50.0313217936
719000 0 1 718211 719001 50.0274837672
720000 0 1 719245 720001 50.026263752
721000 1 1 720236 721001 50.0265397017
722000 0 1 721214 722001 50.0272655148
723000 1 1 722158 723001 50.0291663409
724000 1 1 723148 724001 50.0294717406
725000 0 1 724113 725001 50.0306394114
726000 1 1 725091 726001 50.0313556963
727000 1 1 726070 727001 50.0320355991
728000 0 1 727039 728001 50.0330575104
729000 0 1 728030 729001 50.0333211853
730000 0 1 729013 730001 50.0338584825
731000 0 1 729950 731001 50.0359697211
732000 0 1 730933 732001 50.0365019885
733000 1 1 731910 733001 50.0372377571
734000 0 1 732900 734001 50.0375280949
735000 0 1 733961 735001 50.0353991458
736000 2 1 734990 736001 50.0343645882
737000 3 1 736044 737001 50.0324837327
738000 2 1 737027 738001 50.0330163224
739000 0 1 738015 739001 50.0333781083
740000 0 1 738979 740001 50.0345508391
741000 3 1 739971 741001 50.0347744589
742000 0 1 741031 742001 50.0327032728
743000 2 1 742100 743001 50.0303346372
744000 0 1 743100 744001 50.0302938402
745000 3 1 744166 745001 50.0280358079
746000 0 1 745126 746001 50.0293402239
747000 1 1 746146 747001 50.0286308046
748000 0 1 747269 748001 50.0244771847
749000 0 1 748331 749001 50.0223731277
750000 3 1 749276 750001 50.0241783206
751000 0 1 750300 751001 50.0233464175
752000 2 1 751217 752001 50.0260773886
753000 7 1 752194 753001 50.0268071579
754000 0 1 753231 754001 50.0255435129
755000 3 1 754241 755001 50.025178202
756000 0 1 755200 756001 50.0265021
757000 3 1 756233 757001 50.025376115
758000 2 1 757254 758001 50.0246493165
759000 1 1 758254 759001 50.0246168245
760000 0 1 759215 760001 50.0258686059
761000 1 1 760266 761001 50.024157495
762000 0 1 761291 762001 50.0233047899
763000 0 1 762267 763001 50.0240613453
764000 1 1 763291 764001 50.0232437543
765000 0 1 764283 765001 50.023475038
766000 0 1 765277 766001 50.023640384
767000 0 1 766362 767001 50.0208365534
768000 0 1 767369 768001 50.0205813582
769000 0 1 768320 769001 50.0221489201
770000 1 1 769310 770001 50.0224451069
771000 2 1 770338 771001 50.0215072739
772000 0 1 771394 772001 50.0196644411
773000 0 1 772369 773001 50.0204481775
774000 3 1 773410 774001 50.0190964133
775000 1 1 774329 775001 50.0216867936
776000 2 1 775335 776001 50.0214653692
777000 4 1 776417 777001 50.0187972587
778000 5 1 777453 778001 50.0176154358
779000 0 1 778465 779001 50.0172074382
780000 0 1 779503 780001 50.015966615
781000 1 1 780564 781001 50.013992373
782000 1 1 781592 782001 50.0130788511
783000 0 1 782646 783001 50.011337166
784000 0 1 783632 784001 50.0117693363
785000 0 1 784609 785001 50.0124871783
786000 0 1 785614 786001 50.0123121757
787000 2 1 786617 787001 50.0122011822
788000 3 1 787579 788001 50.0133918938
789000 0 1 788622 789001 50.0120117417
790000 0 1 789577 790001 50.0134213062
791000 6 1 790509 791001 50.0155547546
792000 2 1 791463 792001 50.0169880717
793000 1 1 792471 793001 50.0167142655
794000 0 1 793499 794001 50.0158110236
795000 0 1 794476 795001 50.0165148662
796000 0 1 795495 796001 50.0158969925
797000 0 1 796503 797001 50.0156259413
798000 0 1 797451 798001 50.0172364947
799000 0 1 798431 799001 50.017841135
800000 0 1 799381 800001 50.0193824865
801000 0 1 800369 801001 50.0197331035
802000 0 1 801348 802001 50.0203636264
803000 2 1 802281 803001 50.0224259663
804000 1 1 803313 804001 50.0214021654
805000 4 1 804295 805001 50.0219350573
806000 1 1 805311 806001 50.0214111234
807000 0 1 806347 807001 50.0202684108
808000 0 1 807381 808001 50.0191905073
809000 1 1 808381 809001 50.0191667769
810000 3 1 809388 810001 50.0189268916
811000 1 1 810314 811001 50.021186506
812000 0 1 811317 812001 50.0210679608
813000 0 1 812313 813001 50.021165141
814000 1 1 813323 814001 50.0208317459
815000 8 1 814318 815001 50.020959677
816000 0 1 815290 816001 50.0217925557
817000 1 1 816248 817001 50.0230522107
818000 0 1 817264 818001 50.0225345739
819000 2 1 818283 819001 50.0219265564
820000 2 1 819332 820001 50.0204046402
821000 4 1 820297 821001 50.0214464406
822000 1 1 821226 822001 50.0235816476
823000 5 1 822287 823001 50.0216983288
824000 0 1 823280 824001 50.0218845479
825000 0 1 824323 825001 50.0205538754
826000 1 1 825294 826001 50.0214074408
827000 1 1 826335 827001 50.0201410965
828000 1 1 827271 828001 50.0220507566
829000 0 1 828203 829001 50.0240766979
830000 0 1 829193 830001 50.0243491719
831000 0 1 830199 831001 50.0241391765
832000 0 1 831140 832001 50.0258847566
833000 5 1 832220 833001 50.0234503408
834000 0 1 833352 834001 50.0194619856
835000 1 1 834386 835001 50.018419935
836000 0 1 835389 836001 50.0183081148
837000 3 1 836361 837001 50.0191231784
838000 5 1 837379 838001 50.0185629529
839000 0 1 838430 839001 50.0170200741
840000 0 1 839530 840001 50.0140217716
841000 3 1 840540 841001 50.0137076646
842000 1 1 841566 842001 50.0129189988
843000 1 1 842496 843001 50.0149807446
844000 0 1 843543 844001 50.0135700165
845000 0 1 844583 845001 50.0123699088
846000 2 1 845541 846001 50.0135970611
847000 0 1 846551 847001 50.0132856859
848000 1 1 847485 848001 50.0152168759
849000 0 1 848492 849001 50.0149926981
850000 0 1 849543 850001 50.0134742025
851000 1 1 850617 851001 50.0112833785
852000 0 1 851597 852001 50.0118572574
853000 0 1 852632 853001 50.0108170984
854000 3 1 853638 854001 50.0106287102
855000 0 1 854656 855001 50.0100897431
856000 0 1 855581 856001 50.0122693508
857000 5 1 856509 857001 50.0143564963
858000 0 1 857455 858001 50.0159141359
859000 2 1 858430 859001 50.0166236664
860000 0 1 859440 860001 50.0163134414
861000 2 1 860501 861001 50.0145222021
862000 0 1 861522 862001 50.0138959561
863000 2 1 862530 863001 50.0136479727
864000 4 1 863478 864001 50.0151376659
865000 1 1 864440 865001 50.0162191136
866000 3 1 865448 866001 50.0159692835
867000 2 1 866401 867001 50.0173070067
868000 2 1 867517 868001 50.0139439637
869000 0 1 868544 869001 50.0131507385
870000 0 1 869630 870001 50.0106631809
871000 0 1 870617 871001 50.0110242315
872000 1 1 871571 872001 50.0123310078
873000 0 1 872596 873001 50.0116006157
874000 0 1 873532 874001 50.0134189168
875000 0 1 874622 875001 50.0108309047
876000 2 1 875676 876001 50.0092768244
877000 0 1 876568 877001 50.0123462493
878000 0 1 877550 878001 50.01284497
879000 1 1 878502 879001 50.0141962773
880000 1 1 879487 880001 50.0146065219
881000 1 1 880455 881001 50.0154985421
882000 0 1 881457 882001 50.0154242403
883000 0 1 882415 883001 50.0165966548
884000 2 1 883515 884001 50.0137481075
885000 1 1 884584 885001 50.0117824236
886000 0 1 885649 886001 50.0099342421
887000 2 1 886614 887001 50.0109099213
888000 2 1 887628 888001 50.0105033202
889000 1 1 888590 889001 50.0115605896
890000 0 1 889610 890001 50.0109855468
891000 1 1 890623 891001 50.0106082989
892000 0 1 891572 892001 50.0120264211
893000 0 1 892632 893001 50.0103324703
894000 0 1 893587 894001 50.0115798495
895000 1 1 894600 895001 50.0112036147
896000 0 1 895620 896001 50.0106328292
897000 0 1 896717 897001 50.0079165175
898000 2 1 897733 898001 50.0074621297
899000 1 1 898668 899001 50.0092619943
900000 0 1 899719 900001 50.007834552
901000 0 1 900785 901001 50.0059940526
902000 1 1 901779 902001 50.0061537438
903000 0 1 902747 903001 50.0070330965
904000 0 1 903647 904001 50.0097917294
905000 0 1 904613 905001 50.0107205183
906000 1 1 905606 906001 50.010901923
907000 0 1 906643 907001 50.0098696326
908000 2 1 907677 908001 50.0089222869
909000 2 1 908636 909001 50.0100405086
910000 3 1 909628 910001 50.010249342
911000 0 1 910558 911001 50.0121599136
912000 5 1 911555 912001 50.012228854
913000 0 1 912619 913001 50.0104621991
914000 0 1 913598 914001 50.0110253945
915000 0 1 914659 915001 50.0093459987
916000 3 1 915636 916001 50.0099637647
917000 1 1 916582 917001 50.0114257168
918000 1 1 917575 918001 50.011603987
919000 0 1 918551 919001 50.0122445514
920000 2 1 919592 920001 50.0111165894
921000 1 1 920642 921001 50.0097467316
922000 1 1 921632 922001 50.0100074147
923000 0 1 922643 923001 50.0096985117
924000 0 1 923667 924001 50.0090384203
925000 2 1 924683 925001 50.0085960629
926000 1 1 925728 926001 50.007371489
927000 4 1 926736 927001 50.0071477238
928000 0 1 927749 928001 50.0067897077
929000 0 1 928778 929001 50.0060017903
930000 0 1 929791 930001 50.0056457926
931000 0 1 930771 931001 50.006176911
932000 1 1 931737 932001 50.0070825406
933000 5 1 932708 933001 50.0078522428
934000 0 1 933680 934001 50.0085935446
935000 3 1 934714 935001 50.0076749665
936000 0 1 935707 936001 50.0078537892
937000 0 1 936725 937001 50.0073650043
938000 1 1 937659 938001 50.0091167909
939000 5 1 938605 939001 50.0105453434
940000 3 1 939641 940001 50.0095762917
941000 0 1 940616 941001 50.0102305623
942000 2 1 941615 942001 50.0102462498
943000 2 1 942681 943001 50.0084849938
944000 2 1 943628 944001 50.0098801195
945000 0 1 944570 945001 50.0114047051
946000 2 1 945552 946001 50.0118685546
947000 0 1 946618 947001 50.0101129108
948000 0 1 947519 948001 50.0127141892
949000 0 1 948475 949001 50.0138605179
950000 1 1 949425 950001 50.0151624754
951000 1 1 950447 951001 50.0145678451
952000 0 1 951400 952001 50.0157875298
953000 3 1 952396 953001 50.0158759566
954000 0 1 953375 954001 50.0164099789
955000 0 1 954376 955001 50.016366595
956000 0 1 955244 956001 50.0198038451
957000 0 1 956239 957001 50.0199138634
958000 0 1 957222 958001 50.0203370574
959000 0 1 958284 959001 50.0186983156
960000 0 1 959257 960001 50.0193824905
961000 0 1 960221 961001 50.0202995802
962000 3 1 961215 962001 50.0204345222
963000 0 1 962272 963001 50.01893238
964000 0 1 963261 964001 50.0191982201
965000 2 1 964229 965001 50.0200079825
966000 2 1 965251 966001 50.0194174556
967000 1 1 966302 967001 50.0180778698
968000 0 1 967266 968001 50.0189896278
969000 1 1 968244 969001 50.0195380553
970000 0 1 969267 970001 50.0189246664
971000 0 1 970351 971001 50.0167409105
972000 1 1 971249 972001 50.0193490287
973000 0 1 972349 973001 50.0167579099
974000 0 1 973326 974001 50.0173314497
975000 12 1 974325 975001 50.0173393265
976000 1 1 975301 976001 50.0179367417
977000 0 1 976285 977001 50.0183280892
978000 1 1 977322 978001 50.0173628603
979000 1 1 978349 979001 50.0166551715
980000 1 1 979334 980001 50.0170210811
981000 0 1 980384 981001 50.0157286815
982000 1 1 981290 982001 50.0181073514
983000 1 1 982277 983001 50.0184197859
984000 0 1 983364 984001 50.0161891667
985000 2 1 984395 985001 50.0153854278
986000 0 1 985417 986001 50.0148116736
987000 4 1 986395 987001 50.0153542421
988000 2 1 987443 988001 50.0141234072
989000 0 1 988399 989001 50.0152220087
990000 1 1 989493 990001 50.012831562
991000 3 1 990545 991001 50.0115061674
992000 1 1 991462 992001 50.013587347
993000 0 1 992496 993001 50.0127172189
994000 2 1 993553 994001 50.011270134
995000 1 1 994540 995001 50.0115855868
996000 0 1 995512 996001 50.0122770979
997000 3 1 996516 997001 50.012164431
998000 2 1 997547 998001 50.0113753215
999000 0 1 998601 999001 50.0100120044
