0 1 1 1 1 50.0
1000 2 1 1072 1001 48.2875060299
2000 1 1 2066 2001 49.2008851733
3000 0 1 3097 3001 49.2128566743
4000 0 1 4169 4001 48.9718482252
5000 0 1 5200 5001 49.0246054308
6000 1 1 6152 6001 49.3787542171
7000 1 1 7179 7001 49.3723554302
8000 1 1 8230 8001 49.294559793
9000 0 1 9231 9001 49.3692408951
10000 0 1 10293 10001 49.2805755396
11000 2 1 11301 11001 49.3274145817
12000 0 1 12301 12001 49.3827668505
13000 0 1 13232 13001 49.559714863
14000 0 1 14194 14001 49.6577407342
15000 0 1 15190 15001 49.6869928124
16000 1 1 16168 16001 49.7404333364
17000 0 1 17129 17001 49.8124816877
18000 7 1 18192 18001 49.736136822
19000 1 1 19143 19001 49.813863255
20000 5 1 20154 20001 49.8094882331
21000 0 1 21236 21001 49.7218078936
22000 1 1 22291 22001 49.672627111
23000 2 1 23311 23001 49.6653135257
24000 0 1 24282 24001 49.7090073111
25000 5 1 25329 25001 49.674150606
26000 0 1 26380 26001 49.6382276016
27000 5 1 27462 27001 49.5767768944
28000 0 1 28384 28001 49.660370666
29000 0 1 29308 29001 49.7367473289
30000 1 1 30292 30001 49.7586784536
31000 0 1 31298 31001 49.7616334131
32000 0 1 32335 32001 49.7404252673
33000 0 1 33371 33001 49.7212680046
34000 0 1 34343 34001 49.7497951539
35000 0 1 35341 35001 49.7583236189
36000 3 1 36267 36001 49.8159628051
37000 0 1 37415 37001 49.7218340142
38000 1 1 38355 38001 49.7681911048
39000 1 1 39443 39001 49.7182703585
40000 0 1 40354 40001 49.7803496982
41000 2 1 41325 41001 49.8032213396
42000 1 1 42296 42001 49.8250234291
43000 0 1 43282 43001 49.8371637518
44000 0 1 44336 44001 49.8103852293
45000 0 1 45362 45001 49.8002501024
46000 0 1 46484 46001 49.7388765746
47000 0 1 47549 47001 49.7102062401
48000 1 1 48501 48001 49.7409380116
49000 1 1 49507 49001 49.7431680676
50000 0 1 50552 50001 49.7260151363
51000 0 1 51555 51001 49.7299036624
52000 2 1 52544 52001 49.7403032187
53000 0 1 53533 53001 49.7503144536
54000 5 1 54460 54001 49.7884032048
55000 0 1 55455 55001 49.794488303
56000 0 1 56453 56001 49.7990289363
57000 1 1 57459 57001 49.7999301066
58000 0 1 58534 58001 49.7713133393
59000 4 1 59562 59001 49.7634169176
60000 0 1 60615 60001 49.7454732374
61000 0 1 61561 61001 49.771544198
62000 3 1 62584 62001 49.766023197
63000 6 1 63543 63001 49.7858452396
64000 0 1 64628 64001 49.7562758009
65000 0 1 65632 65001 49.758483691
66000 0 1 66643 66001 49.7579988541
67000 3 1 67749 67001 49.7224489796
68000 0 1 68790 68001 49.7116038336
69000 6 1 69852 69001 49.6935608161
70000 0 1 70795 70001 49.7180317623
71000 2 1 71723 71001 49.7470642639
72000 0 1 72681 72001 49.7650018662
73000 1 1 73713 73001 49.7573510367
74000 0 1 74709 74001 49.761952794
75000 1 1 75677 75001 49.7756805904
76000 0 1 76700 76001 49.7711213417
77000 2 1 77706 77001 49.772149935
78000 3 1 78743 78001 49.7633083244
79000 1 1 79738 79001 49.7678579303
80000 1 1 80758 80001 49.7645543951
81000 0 1 81709 81001 49.7824350071
82000 1 1 82728 82001 49.7793345434
83000 1 1 83696 83001 49.7915379401
84000 0 1 84744 84001 49.7798453288
85000 0 1 85760 85001 49.7777595587
86000 0 1 86812 86001 49.765353301
87000 2 1 87800 87001 49.7714543967
88000 1 1 88832 88001 49.7650325448
89000 0 1 89854 89001 49.7615386766
90000 2 1 90809 90001 49.7765610309
91000 0 1 91826 91001 49.7743768699
92000 2 1 92799 92001 49.7840909091
93000 0 1 93784 93001 49.7904007281
94000 0 1 94821 94001 49.7828642849
95000 1 1 95814 95001 49.7869664335
96000 0 1 96799 96001 49.7930497925
97000 3 1 97895 97001 49.7706469091
98000 0 1 98876 98001 49.7777800353
99000 1 1 99908 99001 49.7720062943
100000 2 1 100937 100001 49.7670923369
101000 2 1 101910 101001 49.7760101719
102000 0 1 102946 102001 49.7694525902
103000 0 1 103942 103001 49.7726427084
104000 2 1 104919 104001 49.7802986789
105000 3 1 105940 105001 49.7774259153
106000 1 1 106933 106001 49.7811528455
107000 0 1 107929 107001 49.7841157586
108000 1 1 108945 108001 49.7824343385
109000 1 1 109902 109001 49.7942010845
110000 0 1 110872 110001 49.8028278694
111000 0 1 111889 111001 49.8007986002
112000 0 1 112886 112001 49.8032345133
113000 2 1 113968 113001 49.7869753138
114000 2 1 114918 114001 49.7997108147
115000 0 1 115880 115001 49.8096421966
116000 3 1 116846 116001 49.8185503786
117000 4 1 117828 117001 49.8239144228
118000 1 1 118777 118001 49.8361334246
119000 1 1 119796 119001 49.8335406224
120000 0 1 120820 120001 49.8299566898
121000 4 1 121826 121001 49.8301259745
122000 4 1 122811 122001 49.834566933
123000 5 1 123748 123001 49.8486316054
124000 0 1 124785 124001 49.8424348637
125000 1 1 125836 125001 49.8335572503
126000 0 1 126831 126001 49.8358593849
127000 3 1 127832 127001 49.8369520431
128000 1 1 128806 128001 49.8432675122
129000 0 1 129889 129001 49.8284985901
130000 0 1 130898 130001 49.8280943967
131000 0 1 131970 131001 49.8157591521
132000 8 1 133034 132001 49.8051200785
133000 1 1 134071 133001 49.7996794872
134000 0 1 135098 134001 49.7961716692
135000 0 1 135990 135001 49.8175216151
136000 0 1 136936 136001 49.8287150515
137000 1 1 137961 137001 49.8254304231
138000 0 1 138963 138001 49.8263312199
139000 0 1 139905 139001 49.8379382301
140000 0 1 140903 140001 49.8394469285
141000 0 1 141977 141001 49.8275484313
142000 1 1 143068 142001 49.812852327
143000 1 1 144101 143001 49.8084304533
144000 2 1 145121 144001 49.806310139
145000 5 1 146106 145001 49.8102072434
146000 3 1 147088 146001 49.8145614472
147000 4 1 148151 147001 49.805185125
148000 2 1 149051 148001 49.823263267
149000 0 1 150045 149001 49.8254449148
150000 0 1 151015 150001 49.8315704149
151000 2 1 151992 151001 49.8364648688
152000 3 1 152955 152001 49.8435839924
153000 6 1 153895 153001 49.8543480528
154000 0 1 154823 154001 49.8669144885
155000 3 1 155837 155001 49.8655248071
156000 1 1 156869 156001 49.8612842395
157000 1 1 157881 157001 49.8602651152
158000 0 1 158773 158001 49.8781465651
159000 0 1 159718 159001 49.8875184724
160000 0 1 160682 160001 49.8938203771
161000 0 1 161673 161001 49.8958701352
162000 0 1 162734 162001 49.8871387439
163000 0 1 163683 163001 49.8956177835
164000 1 1 164774 164001 49.8824423998
165000 0 1 165773 165001 49.8833040082
166000 0 1 166865 166001 49.8702180457
167000 0 1 167901 167001 49.8656323342
168000 2 1 168857 168001 49.8729434955
169000 0 1 169838 169001 49.8764900144
170000 0 1 170789 170001 49.8843862789
171000 2 1 171778 171001 49.8866616683
172000 0 1 172874 172001 49.873432403
173000 1 1 173901 173001 49.8702803674
174000 1 1 174874 174001 49.8748835543
175000 0 1 175860 175001 49.8775868506
176000 1 1 176831 176001 49.882380283
177000 0 1 177787 177001 49.8892296245
178000 1 1 178811 178001 49.8864948488
179000 5 1 179796 179001 49.8892131205
180000 2 1 180779 180001 49.8921780587
181000 0 1 181821 181001 49.8869969296
182000 2 1 182742 182001 49.8984216284
183000 1 1 183646 183001 49.9120407367
184000 6 1 184639 184001 49.9134657118
185000 0 1 185629 185001 49.9152793891
186000 4 1 186681 186001 49.9087694066
187000 4 1 187645 187001 49.9140521986
188000 4 1 188619 188001 49.9179544368
189000 1 1 189627 189001 49.917333108
190000 0 1 190606 190001 49.920521693
191000 0 1 191652 191001 49.9149359864
192000 0 1 192630 192001 49.9182333197
193000 0 1 193688 193001 49.9111689239
194000 1 1 194655 194001 49.9158639002
195000 0 1 195657 195001 49.916039093
196000 1 1 196601 196001 49.9235867367
197000 1 1 197579 197001 49.926757565
198000 0 1 198548 198001 49.931029961
199000 0 1 199519 199001 49.9350095353
200000 1 1 200472 200001 49.9411945375
201000 0 1 201484 201001 49.9399977639
202000 0 1 202429 202001 49.9470860223
203000 0 1 203472 203001 49.9420625724
204000 0 1 204488 204001 49.9403900717
205000 2 1 205414 205001 49.9496850749
206000 0 1 206424 206001 49.9487179487
207000 0 1 207500 207001 49.9398071416
208000 1 1 208488 208001 49.9415350706
209000 2 1 209472 209001 49.9437239679
210000 0 1 210472 210001 49.9439916475
211000 1 1 211425 211001 49.9498136952
212000 0 1 212382 212001 49.9551113028
213000 3 1 213364 213001 49.9574308398
214000 1 1 214345 214001 49.9598455454
215000 0 1 215329 215001 49.9618897125
216000 1 1 216322 216001 49.96287498
217000 2 1 217263 217001 49.969834018
218000 2 1 218250 218001 49.9714613835
219000 2 1 219187 219001 49.978776233
220000 3 1 220120 220001 49.9864809905
221000 0 1 221154 221001 49.982698375
222000 0 1 222079 222001 49.9912177986
223000 0 1 223061 223001 49.9932744775
224000 0 1 224067 224001 49.9926350465
225000 0 1 225034 225001 49.9963336185
226000 0 1 225996 226001 50.000553101
227000 0 1 226955 227001 50.0050665703
228000 1 1 228003 228001 49.9997807037
229000 1 1 229016 229001 49.9983625062
230000 1 1 230046 230001 49.9951091954
231000 1 1 231038 231001 49.995996009
232000 0 1 231997 232001 50.0004310363
233000 1 1 232973 233001 50.0030044595
234000 2 1 234011 234001 49.9989316513
235000 0 1 234969 235001 50.0034044726
236000 0 1 236001 236001 50.0
237000 0 1 236957 237001 50.0046417615
238000 0 1 237919 238001 50.0086148933
239000 0 1 238876 239001 50.0130786792
240000 1 1 239889 240001 50.0116693409
241000 6 1 240826 241001 50.018160045
242000 1 1 241778 242001 50.0230477139
243000 2 1 242830 243001 50.0175987123
244000 0 1 243852 244001 50.0152709935
245000 0 1 244812 245001 50.0192930772
246000 0 1 245782 246001 50.0222659181
247000 0 1 246769 247001 50.0234927193
248000 2 1 247810 248001 50.0192613718
249000 1 1 248707 249001 50.0295353902
250000 0 1 249751 250001 50.0250124062
251000 0 1 250795 251001 50.0205262696
252000 0 1 251706 252001 50.0292828966
253000 0 1 252700 253001 50.0297606689
254000 0 1 253720 254001 50.0276726785
255000 0 1 254724 255001 50.0271715141
256000 1 1 255766 256001 50.0229596672
257000 2 1 256740 257001 50.0254019049
258000 7 1 257772 258001 50.0221996886
259000 2 1 258789 259001 50.0204716198
260000 0 1 259820 260001 50.0174098392
261000 0 1 260861 261001 50.0134135078
262000 6 1 261855 262001 50.0139351272
263000 2 1 262877 263001 50.0117898068
264000 0 1 263935 264001 50.0062507577
265000 1 1 264953 265001 50.0045286949
266000 1 1 265946 266001 50.005169688
267000 0 1 266940 267001 50.0057122416
268000 1 1 267965 268001 50.003358422
269000 1 1 268899 269001 50.0094813162
270000 3 1 269861 270001 50.0129662766
271000 0 1 270837 271001 50.0151336746
272000 0 1 271843 272001 50.0145262244
273000 3 1 272811 273001 50.0174052604
274000 2 1 273909 274001 50.0083955394
275000 1 1 274944 275001 50.0051823364
276000 2 1 275924 276001 50.0069755855
277000 0 1 276929 277001 50.0064990161
278000 2 1 277923 278001 50.0070153474
279000 0 1 278955 279001 50.0041221888
280000 0 1 280080 280001 49.9929474487
281000 1 1 281014 281001 49.9988434472
282000 0 1 281997 282001 50.0003546112
283000 1 1 282953 283001 50.0042406273
284000 0 1 283931 284001 50.0061627096
285000 0 1 284976 285001 50.0021930709
286000 1 1 285968 286001 50.0028847717
287000 2 1 287009 287001 49.999303148
288000 1 1 287982 288001 50.0016493542
289000 3 1 288996 289001 50.0004325282
290000 1 1 290003 290001 49.9998275874
291000 0 1 291032 291001 49.9973369208
292000 0 1 292042 292001 49.9964899845
293000 0 1 293096 293001 49.9918955395
294000 0 1 294159 294001 49.9865682807
295000 0 1 295132 295001 49.9889008071
296000 0 1 296085 296001 49.9929064359
297000 0 1 297087 297001 49.9927620151
298000 0 1 298076 298001 49.9937088665
299000 3 1 299126 299001 49.9895507141
300000 0 1 300200 300001 49.9834222202
301000 0 1 301334 301001 49.9723575751
302000 0 1 302299 302001 49.9753433725
303000 0 1 303266 303001 49.9781449427
304000 2 1 304221 304001 49.9819144983
305000 2 1 305270 305001 49.9779606109
306000 6 1 306281 306001 49.977134719
307000 1 1 307211 307001 49.9829049253
308000 3 1 308210 308001 49.9830415231
309000 4 1 309282 309001 49.9772757782
310000 5 1 310329 310001 49.9735624587
311000 1 1 311418 311001 49.9665016653
312000 0 1 312365 312001 49.9708504307
313000 0 1 313368 313001 49.9707041696
314000 0 1 314345 314001 49.9726265465
315000 10 1 315348 315001 49.9724755651
316000 1 1 316260 316001 49.9795179522
317000 0 1 317273 317001 49.9785581626
318000 1 1 318270 318001 49.9788612085
319000 0 1 319290 319001 49.9773614229
320000 0 1 320203 320001 49.9842237787
321000 1 1 321291 321001 49.9774245982
322000 0 1 322258 322001 49.9800546054
323000 0 1 323202 323001 49.9844476117
324000 2 1 324187 324001 49.9856523107
325000 0 1 325236 325001 49.9819296656
326000 4 1 326228 326001 49.9825981365
327000 0 1 327238 327001 49.9818873531
328000 0 1 328220 328001 49.9833135483
329000 0 1 329252 329001 49.9809343824
330000 0 1 330296 330001 49.9776615674
331000 2 1 331262 331001 49.9802948375
332000 0 1 332358 332001 49.9731319964
333000 2 1 333380 333001 49.9715628147
334000 1 1 334359 334001 49.9732180262
335000 2 1 335348 335001 49.9741179595
336000 0 1 336373 336001 49.9723368244
337000 0 1 337388 337001 49.9713073612
338000 3 1 338371 338001 49.9726481877
339000 2 1 339427 339001 49.9686038902
340000 1 1 340496 340001 49.9636295237
341000 5 1 341515 341001 49.9623452051
342000 0 1 342552 342001 49.9597547597
343000 0 1 343490 343001 49.9643840924
344000 2 1 344564 344001 49.9591178756
345000 1 1 345569 345001 49.9588745529
346000 0 1 346550 346001 49.9603639299
347000 0 1 347545 347001 49.9608377271
348000 0 1 348591 348001 49.9576509635
349000 0 1 349505 349001 49.9639230014
350000 2 1 350513 350001 49.9634554056
351000 0 1 351525 351001 49.9627060066
352000 0 1 352515 352001 49.9635210556
353000 1 1 353524 353001 49.9629878631
354000 0 1 354467 354001 49.9671121349
355000 0 1 355352 355001 49.9752939736
356000 0 1 356314 356001 49.9780293831
357000 0 1 357305 357001 49.9787206043
358000 0 1 358285 358001 49.9801755165
359000 0 1 359260 359001 49.9819703423
360000 0 1 360245 360001 49.9830613429
361000 0 1 361211 361001 49.9854613327
362000 0 1 362212 362001 49.9854324625
363000 0 1 363198 363001 49.9864362248
364000 2 1 364181 364001 49.9876404525
365000 0 1 365158 365001 49.989248917
366000 3 1 366193 366001 49.9868887207
367000 0 1 367261 367001 49.9822951481
368000 2 1 368152 368001 49.9897439799
369000 2 1 369162 369001 49.9890945496
370000 1 1 370144 370001 49.9903397307
371000 0 1 371180 371001 49.987940947
372000 2 1 372225 372001 49.984950808
373000 3 1 373337 373001 49.9774900916
374000 0 1 374301 374001 49.9799546173
375000 0 1 375315 375001 49.9790754829
376000 4 1 376270 376001 49.9821208049
377000 1 1 377346 377001 49.9771325398
378000 0 1 378386 378001 49.974550065
379000 0 1 379388 379001 49.9744853894
380000 1 1 380354 380001 49.9767871586
381000 0 1 381295 381001 49.9807161523
382000 0 1 382335 382001 49.9781509703
383000 2 1 383344 383001 49.9776210454
384000 3 1 384371 384001 49.9759231206
385000 0 1 385398 385001 49.9742341306
386000 0 1 386381 386001 49.9754007732
387000 0 1 387432 387001 49.9721731899
388000 1 1 388490 388001 49.9685121914
389000 0 1 389557 389001 49.9642929621
390000 2 1 390596 390001 49.9618881446
391000 0 1 391600 391001 49.9617301792
392000 0 1 392570 392001 49.9637381448
393000 5 1 393558 393001 49.9645926116
394000 0 1 394534 394001 49.9662031489
395000 0 1 395528 395001 49.9666678895
396000 0 1 396595 396001 49.9625281985
397000 8 1 397549 397001 49.9655150714
398000 6 1 398463 398001 49.9709968059
399000 1 1 399483 399001 49.9698178047
400000 1 1 400512 400001 49.9680829668
401000 1 1 401470 401001 49.9707777602
402000 1 1 402556 402001 49.9655089695
403000 1 1 403537 403001 49.9667715594
404000 0 1 404515 404001 49.9682133687
405000 0 1 405419 405001 49.974210903
406000 1 1 406445 406001 49.972675107
407000 0 1 407408 407001 49.9750125551
408000 0 1 408423 408001 49.9741555858
409000 1 1 409372 409001 49.9773330743
410000 0 1 410338 410001 49.9794597112
411000 3 1 411302 411001 49.981697744
412000 0 1 412316 412001 49.9808932729
413000 0 1 413337 413001 49.9796693363
414000 1 1 414309 414001 49.981407927
415000 0 1 415389 415001 49.9766374836
416000 0 1 416411 416001 49.9753727721
417000 0 1 417413 417001 49.9753120154
418000 2 1 418357 418001 49.9787172479
419000 1 1 419271 419001 49.9838954421
420000 0 1 420253 420001 49.9850045343
421000 0 1 421266 421001 49.9842686464
422000 1 1 422222 422001 49.9869110413
423000 4 1 423176 423001 49.9896593739
424000 0 1 424175 424001 49.9897426949
425000 1 1 425055 425001 49.9968237387
426000 1 1 426087 426001 49.9949535729
427000 2 1 427003 427001 49.9998829045
428000 1 1 428078 428001 49.9955027515
429000 0 1 429076 429001 49.9956297628
430000 0 1 430050 430001 49.9971513317
431000 0 1 431017 431001 49.9990719451
432000 0 1 431988 432001 50.0007523244
433000 0 1 432982 433001 50.0010970192
434000 0 1 433972 434001 50.0016705589
435000 1 1 434950 435001 50.0029311996
436000 1 1 435927 436001 50.0042434696
437000 2 1 436986 437001 50.0008581363
438000 6 1 437992 438001 50.0005137027
439000 1 1 439067 439001 49.9962417489
440000 1 1 439987 440001 50.0007954654
441000 1 1 440996 441001 50.0002834477
442000 0 1 441964 442001 50.002092843
443000 6 1 442944 443001 50.003216904
444000 0 1 443936 444001 50.0036601696
445000 0 1 444971 445001 50.0016854463
446000 1 1 446027 446001 49.9985426466
447000 1 1 446994 447001 50.0003915011
448000 0 1 448018 448001 49.9990513594
449000 0 1 449012 449001 49.9993875367
450000 3 1 449896 450001 50.005834001
451000 4 1 450848 451001 50.008482573
452000 1 1 451923 452001 50.004314522
453000 3 1 452936 453001 50.0035874459
454000 2 1 453999 454001 50.0001101322
455000 0 1 455049 455001 49.9973627823
456000 0 1 456023 456001 49.9987938914
457000 0 1 457029 457001 49.9984683216
458000 1 1 457951 458001 50.0027294007
459000 0 1 458950 459001 50.0027779261
460000 0 1 459955 460001 50.0025001196
461000 0 1 460898 461001 50.0055862952
462000 0 1 461889 462001 50.0060613276
463000 3 1 462848 463001 50.0082626865
464000 0 1 463911 464001 50.0048495978
465000 0 1 464872 465001 50.0069364311
466000 1 1 465834 466001 50.0089608139
467000 1 1 466838 467001 50.0087274145
468000 1 1 467845 468001 50.0083347046
469000 1 1 468918 469001 50.0044246891
470000 3 1 469895 470001 50.0056389218
471000 1 1 470903 471001 50.0052022287
472000 1 1 471970 472001 50.0016419996
473000 0 1 472993 473001 50.0004228357
474000 2 1 473963 474001 50.0020042955
475000 0 1 474948 475001 50.0027896234
476000 0 1 475963 476001 50.0019958738
477000 1 1 476961 477001 50.0020965196
478000 0 1 477975 478001 50.0013598668
479000 0 1 478958 479001 50.0022443549
480000 1 1 479974 480001 50.0014062866
481000 0 1 481026 481001 49.9987006602
482000 3 1 482104 482001 49.9946582582
483000 0 1 483129 483001 49.9933756327
484000 1 1 484123 484001 49.9936991542
485000 0 1 485087 485001 49.9955674124
486000 0 1 486058 486001 49.9970680792
487000 0 1 486991 487001 50.0005133512
488000 0 1 487976 488001 50.0012807679
489000 0 1 488972 489001 50.0014826585
490000 0 1 489974 490001 50.0013775862
491000 0 1 490942 491001 50.0030042477
492000 0 1 491936 492001 50.003303057
493000 2 1 492977 493001 50.0012170657
494000 0 1 494057 494001 49.9971661583
495000 0 1 495141 495001 49.992930307
496000 2 1 496195 496001 49.9902237058
497000 1 1 497141 497001 49.9929587524
498000 0 1 498109 498001 49.994578912
499000 0 1 499172 499001 49.9914343506
500000 6 1 500127 500001 49.9937008063
501000 6 1 501069 501001 49.9966070235
502000 0 1 502111 502001 49.9945225234
503000 0 1 503007 503001 49.9997017916
504000 0 1 504092 504001 49.9954865275
505000 0 1 505097 505001 49.9952479858
506000 1 1 506090 506001 49.9956031622
507000 3 1 507106 507001 49.9948230315
508000 2 1 508173 508001 49.9915368825
509000 4 1 509149 509001 49.9927319157
510000 0 1 510133 510001 49.9935302617
511000 1 1 511202 511001 49.9901682934
512000 0 1 512141 512001 49.9931650103
513000 10 1 513070 513001 49.9966376596
514000 0 1 514045 514001 49.9978600179
515000 0 1 515027 515001 49.9987378984
516000 3 1 515975 516001 50.0012597192
517000 0 1 516994 517001 50.0003384929
518000 1 1 517973 518001 50.0013513853
519000 0 1 518990 519001 50.0005298697
520000 1 1 520049 520001 49.9976924186
521000 0 1 521128 521001 49.9939067044
522000 0 1 522205 522001 49.9902318125
523000 0 1 523180 523001 49.991445075
524000 0 1 524196 524001 49.9906983134
525000 0 1 525267 525001 49.9873365655
526000 3 1 526232 526001 49.9890233437
527000 0 1 527227 527001 49.989281256
528000 1 1 528227 528001 49.9893015523
529000 2 1 529239 529001 49.9887549138
530000 2 1 530226 530001 49.9893890648
531000 0 1 531207 531001 49.9903032174
532000 0 1 532220 532001 49.9897107838
533000 1 1 533253 533001 49.9881829283
534000 1 1 534275 534001 49.9871755988
535000 0 1 535324 535001 49.9849111251
536000 2 1 536370 536001 49.9827951334
537000 0 1 537375 537001 49.9825945479
538000 0 1 538297 538001 49.9862491615
539000 3 1 539285 539001 49.9868309521
540000 0 1 540322 540001 49.9851433321
541000 0 1 541266 541001 49.9877571801
542000 0 1 542210 542001 49.9903616547
543000 3 1 543185 543001 49.9915299958
544000 0 1 544196 544001 49.9910402253
545000 0 1 545229 545001 49.9895434908
546000 0 1 546212 546001 49.9903407119
547000 0 1 547284 547001 49.9870691822
548000 2 1 548312 548001 49.9858160945
549000 4 1 549246 549001 49.9888458607
550000 0 1 550203 550001 49.9908198843
551000 3 1 551168 551001 49.9924240293
552000 2 1 552231 552001 49.9895855219
553000 0 1 553183 553001 49.9917735205
554000 1 1 554259 554001 49.9883601321
555000 0 1 555243 555001 49.9891014948
556000 6 1 556256 556001 49.988536822
557000 3 1 557266 557001 49.9881087746
558000 2 1 558236 558001 49.9894735616
559000 1 1 559193 559001 49.9914147277
560000 0 1 560240 560001 49.9893326525
561000 1 1 561277 561001 49.9877035815
562000 1 1 562336 562001 49.9851023314
563000 0 1 563280 563001 49.9876141034
564000 0 1 564306 564001 49.986484175
565000 0 1 565418 565001 49.9815555117
566000 2 1 566454 566001 49.9799992053
567000 1 1 567402 567001 49.9823255051
568000 0 1 568388 568001 49.9829723801
569000 0 1 569387 569001 49.9830462022
570000 1 1 570293 570001 49.9871962845
571000 3 1 571304 571001 49.9867373425
572000 0 1 572330 572001 49.9856247886
573000 2 1 573270 573001 49.9882663
574000 3 1 574324 574001 49.9859360373
575000 1 1 575298 575001 49.987090313
576000 1 1 576287 576001 49.9875899081
577000 1 1 577262 577001 49.9886940845
578000 0 1 578267 578001 49.9884974764
579000 1 1 579251 579001 49.9892078753
580000 0 1 580258 580001 49.9889248866
581000 0 1 581231 581001 49.9901052458
582000 0 1 582293 582001 49.9874602119
583000 1 1 583318 583001 49.986410236
584000 1 1 584340 584001 49.9854922493
585000 0 1 585344 585001 49.9853462013
586000 0 1 586325 586001 49.9861813182
587000 1 1 587341 587001 49.9855238082
588000 2 1 588376 588001 49.9840612321
589000 0 1 589359 589001 49.9848093961
590000 0 1 590366 590001 49.984538707
591000 0 1 591350 591001 49.9852412693
592000 1 1 592394 592001 49.9834092511
593000 1 1 593366 593001 49.9846169019
594000 1 1 594346 594001 49.9854840379
595000 1 1 595313 595001 49.9868942145
596000 0 1 596260 596001 49.9891382843
597000 0 1 597284 597001 49.9881519068
598000 0 1 598208 598001 49.9913476658
599000 0 1 599222 599001 49.9907780104
600000 0 1 600151 600001 49.9937507916
601000 1 1 601223 601001 49.9907671116
602000 0 1 602222 602001 49.9908239587
603000 0 1 603199 603001 49.9917924059
604000 0 1 604176 604001 49.9927576837
605000 0 1 605155 605001 49.993637184
606000 2 1 606165 606001 49.99323525
607000 0 1 607131 607001 49.9946463811
608000 3 1 608115 608001 49.9953129471
609000 0 1 609122 609001 49.9950333423
610000 1 1 610104 610001 49.9957790518
611000 0 1 611091 611001 49.9963177895
612000 0 1 612083 612001 49.9966505567
613000 0 1 613083 613001 49.9966560203
614000 1 1 614132 614001 49.9946667014
615000 1 1 615126 615001 49.9949192238
616000 0 1 616164 616001 49.9933856261
617000 1 1 617198 617001 49.9920191152
618000 3 1 618188 618001 49.9924364316
619000 0 1 619196 619001 49.9921256472
620000 6 1 620225 620001 49.9909693878
621000 0 1 621247 621001 49.9900985954
622000 2 1 622245 622001 49.990194865
623000 2 1 623297 623001 49.9881248305
624000 0 1 624351 624001 49.985981518
625000 2 1 625370 625001 49.9852443795
626000 6 1 626413 626001 49.9835517648
627000 0 1 627419 627001 49.9833389136
628000 0 1 628438 628001 49.9826095815
629000 4 1 629415 629001 49.9835507495
630000 2 1 630376 630001 49.9851234988
631000 0 1 631381 631001 49.9849490883
632000 0 1 632322 632001 49.9873054591
633000 1 1 633349 633001 49.9862597228
634000 0 1 634325 634001 49.9872272586
635000 0 1 635284 635001 49.9888607675
636000 0 1 636244 636001 49.9904499526
637000 1 1 637278 637001 49.9891311087
638000 0 1 638279 638001 49.989108973
639000 0 1 639269 639001 49.9895170817
640000 1 1 640244 640001 49.990509629
641000 0 1 641251 641001 49.9902515262
642000 7 1 642258 642001 49.9899942301
643000 3 1 643268 643001 49.9896211446
644000 2 1 644233 644001 49.9909954247
645000 1 1 645175 645001 49.993256734
646000 0 1 646267 646001 49.9897080172
647000 0 1 647285 647001 49.9890287
648000 0 1 648443 648001 49.9829533709
649000 0 1 649407 649001 49.9843654691
650000 1 1 650468 650001 49.9820449392
651000 2 1 651483 651001 49.9814968936
652000 0 1 652442 652001 49.9830962334
653000 1 1 653389 653001 49.9851499169
654000 1 1 654373 654001 49.9857838814
655000 0 1 655403 655001 49.984661219
656000 0 1 656410 656001 49.984417991
657000 2 1 657389 657001 49.9852403016
658000 0 1 658411 658001 49.9844273677
659000 0 1 659411 659001 49.984450991
660000 3 1 660494 660001 49.9813327578
661000 0 1 661539 661001 49.9796603505
662000 0 1 662537 662001 49.9797665299
663000 3 1 663602 663001 49.9773481592
664000 0 1 664635 664001 49.9761409445
665000 0 1 665631 665001 49.9763270386
666000 1 1 666654 666001 49.9755000356
667000 0 1 667714 667001 49.9732901781
668000 0 1 668705 668001 49.9736666103
669000 1 1 669730 669001 49.9727727228
670000 0 1 670773 670001 49.9712106589
671000 2 1 671743 671001 49.9723700125
672000 0 1 672858 672001 49.9681379238
673000 0 1 673757 673001 49.9719325967
674000 0 1 674816 674001 49.9697883404
675000 0 1 675811 675001 49.9700180336
676000 0 1 676764 676001 49.9717985016
677000 5 1 677694 677001 49.9744222869
678000 1 1 678762 678001 49.9719553083
679000 1 1 679748 679001 49.9725114793
680000 0 1 680774 680001 49.9715970678
681000 2 1 681811 681001 49.9702820345
682000 0 1 682809 682001 49.9703988101
683000 0 1 683801 683001 49.9707346053
684000 1 1 684813 684001 49.9703392864
685000 1 1 685720 685001 49.9737729268
686000 1 1 686716 686001 49.9739567587
687000 3 1 687730 687001 49.9734857219
688000 0 1 688667 688001 49.9758111614
689000 0 1 689688 689001 49.9750850264
690000 0 1 690631 690001 49.9771843619
691000 0 1 691701 691001 49.9746872428
692000 0 1 692571 692001 49.9794160217
693000 2 1 693554 693001 49.9800584903
694000 0 1 694547 694001 49.9803391744
695000 0 1 695550 695001 49.9802596237
696000 0 1 696498 696001 49.9821543857
697000 3 1 697540 697001 49.9806746449
698000 0 1 698571 698001 49.9795928889
699000 1 1 699582 699001 49.9792289768
700000 2 1 700513 700001 49.9817209967
701000 3 1 701557 701001 49.9801790728
702000 0 1 702563 702001 49.9799937917
703000 2 1 703577 703001 49.9795247757
704000 0 1 704564 704001 49.9800151218
705000 0 1 705446 705001 49.9842248592
706000 2 1 706473 706001 49.9832917278
707000 0 1 707401 707001 49.9858597485
708000 0 1 708456 708001 49.9839387994
709000 0 1 709531 709001 49.9813187154
710000 2 1 710502 710001 49.9823654016
711000 0 1 711523 711001 49.9816523306
712000 0 1 712530 712001 49.9814324855
713000 3 1 713581 713001 49.9796716908
714000 0 1 714590 714001 49.9793852824
715000 0 1 715654 715001 49.9771782855
716000 0 1 716649 716001 49.9773845671
717000 4 1 717739 717001 49.9742810544
718000 1 1 718764 718001 49.9734472931
719000 2 1 719781 719001 49.9728937393
720000 1 1 720913 720001 49.9683534201
721000 4 1 721891 721001 49.9691591609
722000 1 1 722904 722001 49.9687522709
723000 0 1 723927 723001 49.9680011721
724000 0 1 724942 724001 49.9675280532
725000 6 1 725963 725001 49.9668496255
726000 0 1 727066 726001 49.963353376
727000 0 1 728191 727001 49.9591119247
728000 0 1 729169 728001 49.9599223152
729000 4 1 730144 729001 49.9608332277
730000 0 1 731118 730001 49.9617758718
731000 2 1 732240 731001 49.9576624767
732000 1 1 733219 732001 49.9584362758
733000 0 1 734238 733001 49.9578459951
734000 0 1 735269 734001 49.9568493197
735000 0 1 736302 735001 49.955787489
736000 0 1 737229 736001 49.9583228688
737000 2 1 738267 737001 49.9570925418
738000 2 1 739279 738001 49.9567448283
739000 4 1 740285 739001 49.9566006844
740000 1 1 741236 740001 49.9583118704
741000 0 1 742222 741001 49.958839635
742000 0 1 743192 742001 49.959904201
743000 1 1 744149 743001 49.961402683
744000 1 1 745130 744001 49.9620919852
745000 0 1 746072 745001 49.9640862654
746000 2 1 747077 746001 49.9639670533
747000 0 1 748063 747001 49.9644831258
748000 1 1 749101 748001 49.9632623562
749000 1 1 750107 749001 49.9631113969
750000 1 1 751180 750001 49.9607309179
751000 0 1 752166 751001 49.961248484
752000 1 1 753161 752001 49.9614659419
753000 0 1 754135 753001 49.9623789758
754000 1 1 755141 754001 49.9622301944
755000 2 1 756094 755001 49.9638341732
756000 3 1 757120 756001 49.9630234462
757000 0 1 758090 757001 49.9640615646
758000 0 1 759044 758001 49.9656239597
759000 1 1 760028 759001 49.9661955104
760000 0 1 761069 760001 49.9648931344
761000 4 1 762102 761001 49.9638566794
762000 3 1 763103 762001 49.9638713163
763000 1 1 764094 763001 49.9642130974
764000 0 1 765116 764001 49.9635410502
765000 1 1 766096 765001 49.964241325
766000 1 1 767106 766001 49.9639620718
767000 0 1 768124 767001 49.963423174
768000 0 1 769247 768001 49.9594730323
769000 1 1 770253 769001 49.9593309486
770000 0 1 771257 770001 49.9592540639
771000 0 1 772283 771001 49.958465195
772000 4 1 773317 772001 49.9574197673
773000 0 1 774235 773001 49.9601224377
774000 0 1 775170 774001 49.9622701432
775000 0 1 776122 775001 49.9638648901
776000 0 1 777082 776001 49.9651982541
777000 1 1 778058 777001 49.9660141512
778000 0 1 779044 778001 49.9665070695
779000 1 1 780010 779001 49.9676397408
780000 2 1 780975 780001 49.9688015703
781000 0 1 782006 781001 49.9678504319
782000 0 1 783012 782001 49.9676999488
783000 1 1 784027 783001 49.9672628696
784000 11 1 785055 784001 49.966412926
785000 0 1 786026 785001 49.9673780272
786000 1 1 787015 786001 49.9677689229
787000 0 1 787988 787001 49.9686664478
788000 4 1 788951 788001 49.9698786013
789000 0 1 789935 789001 49.9704231204
790000 1 1 790971 790001 49.9693226699
791000 0 1 791960 791001 49.9697086662
792000 0 1 793014 792001 49.9680444665
793000 3 1 794004 793001 49.9683995955
794000 2 1 794966 794001 49.9696343599
795000 0 1 795953 795001 49.9700808446
796000 0 1 797009 796001 49.9683617805
797000 0 1 797972 797001 49.9695606133
798000 1 1 799046 798001 49.9672833674
799000 3 1 799970 799001 49.9696992628
800000 0 1 800936 800001 49.9707983512
801000 0 1 801947 801001 49.9704918687
802000 0 1 803026 802001 49.968069073
803000 2 1 804056 803001 49.9671760242
804000 0 1 804974 804001 49.9697633587
805000 0 1 805953 805001 49.970452291
806000 7 1 806976 806001 49.9697763824
807000 2 1 807997 807001 49.9691640485
808000 0 1 809009 808001 49.9688313616
809000 1 1 810056 809001 49.9674193064
810000 2 1 811112 810001 49.965733419
811000 0 1 812110 811001 49.9658372101
812000 0 1 813131 812001 49.9652335933
813000 1 1 814216 813001 49.9626663192
814000 0 1 815245 814001 49.9618228309
815000 0 1 816243 815001 49.9619308945
816000 3 1 817197 816001 49.9633847213
817000 0 1 818270 817001 49.9611990918
818000 1 1 819299 818001 49.9603615709
819000 8 1 820273 819001 49.9612023371
820000 4 1 821300 820001 49.9604277339
821000 5 1 822319 821001 49.9598982548
822000 0 1 823356 822001 49.9588235258
823000 0 1 824339 823001 49.9593890757
824000 1 1 825285 824001 49.9610740648
825000 5 1 826276 825001 49.9613935154
826000 0 1 827188 826001 49.9640996885
827000 1 1 828173 827001 49.9645958673
828000 1 1 829162 828001 49.9649702534
829000 0 1 830136 829001 49.9657954708
830000 2 1 831082 830001 49.9674609878
831000 0 1 832088 831001 49.9673198488
832000 0 1 833113 832001 49.9666088928
833000 0 1 834168 833001 49.9650005488
834000 5 1 835188 834001 49.9644438107
835000 0 1 836112 835001 49.9667586812
836000 0 1 837165 836001 49.9652156451
837000 2 1 838107 837001 49.9669872032
838000 1 1 839128 838001 49.9664009149
839000 0 1 840148 839001 49.9658457945
840000 1 1 841124 840001 49.9665997472
841000 0 1 842162 841001 49.9655113616
842000 0 1 843160 842001 49.9656115944
843000 2 1 844166 843001 49.9654746685
844000 0 1 845172 844001 49.9653380678
845000 1 1 846150 845001 49.9660290536
846000 1 1 847159 846001 49.9658035862
847000 2 1 848190 847001 49.9649302055
848000 5 1 849152 848001 49.96609027
849000 3 1 850147 849001 49.9662772166
850000 2 1 851205 850001 49.964613339
851000 0 1 852145 851001 49.966415093
852000 4 1 853129 852001 49.9669233431
853000 4 1 854126 853001 49.9670499031
854000 3 1 855130 854001 49.9669715194
855000 0 1 856161 855001 49.9661049042
856000 0 1 857152 856001 49.9664069701
857000 1 1 858171 857001 49.9658926335
858000 0 1 859146 858001 49.9666598142
859000 4 1 860137 859001 49.9669601859
860000 0 1 861134 860001 49.9670856731
861000 1 1 862123 861001 49.9674428538
862000 0 1 863143 862001 49.9669013137
863000 1 1 864108 863001 49.9679522254
864000 1 1 865179 864001 49.965937612
865000 1 1 866221 865001 49.9647647731
866000 5 1 867291 866001 49.9627875742
867000 1 1 868375 867001 49.9604120375
868000 0 1 869341 868001 49.961435342
869000 0 1 870342 869001 49.9614509617
870000 0 1 871333 870001 49.9617534603
871000 1 1 872338 871001 49.9616540443
872000 0 1 873447 872001 49.9585779697
873000 0 1 874435 873001 49.9589684544
874000 1 1 875426 874001 49.9592723789
875000 1 1 876400 875001 49.9600605458
876000 3 1 877359 876001 49.9612743532
877000 1 1 878432 877001 49.9592408255
878000 0 1 879423 878001 49.9595430585
879000 0 1 880412 879001 49.9599013989
880000 0 1 881428 880001 49.9594931161
881000 1 1 882417 881001 49.959850699
882000 0 1 883434 882001 49.9594151017
883000 0 1 884442 883001 49.9592348947
884000 0 1 885539 884001 49.9565423782
885000 1 1 886518 885001 49.9571836373
886000 1 1 887552 886001 49.9562742134
887000 1 1 888535 887001 49.956801777
888000 0 1 889580 888001 49.9555857089
889000 0 1 890650 889001 49.9536706916
890000 2 1 891648 890001 49.9537787746
891000 2 1 892532 891001 49.9570795718
892000 0 1 893463 892001 49.9590582616
893000 0 1 894405 893001 49.9607252074
894000 0 1 895422 894001 49.9602944636
895000 0 1 896479 895001 49.9587491906
896000 2 1 897555 896001 49.9566782414
897000 0 1 898496 897001 49.958368073
898000 1 1 899513 898001 49.9579419131
899000 1 1 900474 899001 49.9590713958
900000 1 1 901497 900001 49.9584789991
901000 1 1 902547 901001 49.9571400373
902000 2 1 903539 902001 49.9574088638
903000 2 1 904514 903001 49.9581469587
904000 0 1 905463 904001 49.9596012963
905000 0 1 906466 905001 49.9595631607
906000 1 1 907505 906001 49.9585333602
907000 0 1 908487 907001 49.9590743646
908000 0 1 909548 908001 49.9574426879
909000 0 1 910587 909001 49.9564187058
910000 1 1 911586 910001 49.9564939802
911000 2 1 912575 911001 49.9568430381
912000 1 1 913609 912001 49.9559599257
913000 1 1 914501 913001 49.9589603732
914000 1 1 915567 914001 49.9572030119
915000 2 1 916577 915001 49.9569769892
916000 2 1 917551 916001 49.9577323141
917000 0 1 918533 917001 49.9582682751
918000 0 1 919567 918001 49.957389332
919000 0 1 920527 919001 49.9585219687
920000 1 1 921527 920001 49.9585670161
921000 0 1 922439 921001 49.960996832
922000 1 1 923478 922001 49.9599832889
923000 1 1 924478 923001 49.9600266092
924000 0 1 925545 924001 49.9582600271
925000 1 1 926481 925001 49.9600320176
926000 2 1 927459 926001 49.9606681558
927000 1 1 928510 927001 49.959337347
928000 0 1 929455 928001 49.9608604457
929000 0 1 930447 929001 49.9611174929
930000 0 1 931445 930001 49.9612129495
931000 2 1 932407 931001 49.9622734259
932000 2 1 933422 932001 49.961912124
933000 0 1 934449 933001 49.961230555
934000 0 1 935517 934001 49.95945479
935000 1 1 936525 935001 49.9592845624
936000 3 1 937494 936001 49.9601546842
937000 0 1 938498 937001 49.9600906212
938000 1 1 939531 938001 49.959255022
939000 0 1 940520 939001 49.9595907681
940000 3 1 941550 940001 49.9588371508
941000 0 1 942510 941001 49.959941832
942000 4 1 943543 942001 49.9591099439
943000 0 1 944468 943001 49.9611384346
944000 2 1 945510 944001 49.9600690337
945000 1 1 946533 945001 49.9595037678
946000 0 1 947501 946001 49.9603908525
947000 1 1 948571 947001 49.9585876981
948000 1 1 949635 948001 49.9569464323
949000 1 1 950564 949001 49.9588590019
950000 0 1 951517 950001 49.9601371115
951000 0 1 952490 951001 49.9608876533
952000 0 1 953470 952001 49.9614531
953000 4 1 954462 953001 49.9617030579
954000 0 1 955448 954001 49.9621094881
955000 0 1 956487 955001 49.9611297586
956000 1 1 957554 956001 49.9594210775
957000 0 1 958501 957001 49.9608457731
958000 0 1 959486 958001 49.9612774428
959000 0 1 960483 959001 49.9613958751
960000 3 1 961503 960001 49.9609160324
961000 1 1 962547 961001 49.959813844
962000 1 1 963527 962001 49.9603745051
963000 0 1 964529 963001 49.9603637816
964000 1 1 965525 964001 49.9605084358
965000 0 1 966586 965001 49.9589715607
966000 3 1 967539 966001 49.9602283894
967000 1 1 968538 967001 49.9602952976
968000 0 1 969500 968001 49.961316149
969000 1 1 970501 969001 49.9613302796
970000 0 1 971485 970001 49.9617818516
971000 0 1 972407 971001 49.9638264327
972000 1 1 973427 972001 49.9633499672
973000 1 1 974494 973001 49.9616687078
974000 0 1 975475 974001 49.9621949693
975000 1 1 976444 975001 49.9630273976
976000 1 1 977542 976001 49.960558841
977000 0 1 978532 977001 49.9608546621
978000 0 1 979502 978001 49.9616603397
979000 1 1 980602 979001 49.959149889
980000 0 1 981631 980001 49.9584529616
981000 0 1 982627 981001 49.9585970459
982000 0 1 983644 982001 49.9582071025
983000 0 1 984551 983001 49.9606109521
984000 2 1 985509 984001 49.961716366
985000 6 1 986442 985001 49.963453166
986000 1 1 987424 986001 49.9639459316
987000 3 1 988424 987001 49.9639824342
988000 0 1 989325 988001 49.9665204423
989000 0 1 990300 989001 49.9671853851
990000 1 1 991279 990001 49.9677481224
991000 3 1 992329 991001 49.9665209521
992000 1 1 993324 992001 49.9666805183
993000 1 1 994343 993001 49.9662363436
994000 2 1 995352 994001 49.9660442365
995000 1 1 996358 995001 49.965927791
996000 0 1 997380 996001 49.9654105261
997000 2 1 998402 997001 49.9648943096
998000 0 1 999351 998001 49.9662052558
999000 4 1 1000287 999001 49.9678385505
